{
 "cells": [
  {
   "cell_type": "markdown",
   "metadata": {},
   "source": [
    "# Portfolio Optimization\n",
    "Markowitz mean-variance optimization using Pyomo + IPOPT."
   ]
  },
  {
   "cell_type": "code",
   "execution_count": 1,
   "id": "3fb8b14f",
   "metadata": {},
   "outputs": [],
   "source": [
    "import yfinance as yf\n",
    "import pandas as pd\n",
    "import pyomo.environ as pyo\n",
    "import seaborn as sns\n",
    "import matplotlib.pyplot as plt\n",
    "import numpy as np"
   ]
  },
  {
   "cell_type": "markdown",
   "id": "f234eddc",
   "metadata": {},
   "source": [
    "## 1. Configuration"
   ]
  },
  {
   "cell_type": "code",
   "execution_count": 2,
   "id": "df77069c",
   "metadata": {},
   "outputs": [],
   "source": [
    "# ── Ticker selection ──────────────────────────────────────────────────────────\n",
    "selected_tickers = [\n",
    "    # Individual stocks\n",
    "    'SHEL.L', 'BP.L',                          # Energy\n",
    "    'HSBA.L', 'BARC.L',                        # Financials\n",
    "    'AZN.L',  'GSK.L',                         # Healthcare\n",
    "    'ULVR.L', 'DGE.L',                         # Consumer Staples\n",
    "    'RIO.L',                                   # Mining\n",
    "    'BA.L',                                    # Defence\n",
    "    'NG.L',                                    # Utilities\n",
    "    'VOD.L',                                   # Telecoms\n",
    "    # ETFs\n",
    "    'ISF.L', 'VMID.L', 'HUKX.L',              # FTSE 100 / FTSE 250\n",
    "]\n",
    "\n",
    "# ── Date range ────────────────────────────────────────────────────────────────\n",
    "start_date = '2019-10-01'\n",
    "end_date   = '2024-10-31'\n",
    "\n",
    "# ── Optimization parameters ───────────────────────────────────────────────────\n",
    "reward_floor      = 0.004  # minimum monthly return (~5% annualised; realistic for FTSE)\n",
    "risk_free_rate    = 0.045  # annual risk-free rate (UK gilt proxy)\n",
    "\n",
    "# ── Dividend toggle ───────────────────────────────────────────────────────────\n",
    "# True  → total return (price + reinvested dividends); recommended for income stocks\n",
    "# False → price-only return; strips out dividend contribution\n",
    "include_dividends = True"
   ]
  },
  {
   "cell_type": "markdown",
   "id": "db06ac8d",
   "metadata": {},
   "source": [
    "## 2. Download & Prepare Returns Data"
   ]
  },
  {
   "cell_type": "code",
   "execution_count": 3,
   "id": "c3644263",
   "metadata": {},
   "outputs": [
    {
     "name": "stdout",
     "output_type": "stream",
     "text": [
      "=== CELL V4 ===\n",
      "data.columns type : MultiIndex\n",
      "First 8 columns   : [('Close', 'AZN.L'), ('Close', 'BA.L'), ('Close', 'BARC.L'), ('Close', 'BP.L'), ('Close', 'DGE.L'), ('Close', 'GSK.L'), ('Close', 'HSBA.L'), ('Close', 'HUKX.L')]\n",
      "Price column used : Close  →  total return (price + dividends)\n",
      "Shape: (60, 15)  (60 months, 15 assets)\n"
     ]
    },
    {
     "data": {
      "text/html": [
       "<div>\n",
       "<style scoped>\n",
       "    .dataframe tbody tr th:only-of-type {\n",
       "        vertical-align: middle;\n",
       "    }\n",
       "\n",
       "    .dataframe tbody tr th {\n",
       "        vertical-align: top;\n",
       "    }\n",
       "\n",
       "    .dataframe thead th {\n",
       "        text-align: right;\n",
       "    }\n",
       "</style>\n",
       "<table border=\"1\" class=\"dataframe\">\n",
       "  <thead>\n",
       "    <tr style=\"text-align: right;\">\n",
       "      <th>Ticker</th>\n",
       "      <th>AZN.L</th>\n",
       "      <th>BA.L</th>\n",
       "      <th>BARC.L</th>\n",
       "      <th>BP.L</th>\n",
       "      <th>DGE.L</th>\n",
       "      <th>GSK.L</th>\n",
       "      <th>HSBA.L</th>\n",
       "      <th>HUKX.L</th>\n",
       "      <th>ISF.L</th>\n",
       "      <th>NG.L</th>\n",
       "      <th>RIO.L</th>\n",
       "      <th>SHEL.L</th>\n",
       "      <th>ULVR.L</th>\n",
       "      <th>VMID.L</th>\n",
       "      <th>VOD.L</th>\n",
       "    </tr>\n",
       "  </thead>\n",
       "  <tbody>\n",
       "    <tr>\n",
       "      <th>count</th>\n",
       "      <td>60.0000</td>\n",
       "      <td>60.0000</td>\n",
       "      <td>60.0000</td>\n",
       "      <td>60.0000</td>\n",
       "      <td>60.0000</td>\n",
       "      <td>60.0000</td>\n",
       "      <td>60.0000</td>\n",
       "      <td>60.0000</td>\n",
       "      <td>60.0000</td>\n",
       "      <td>60.0000</td>\n",
       "      <td>60.0000</td>\n",
       "      <td>60.0000</td>\n",
       "      <td>60.0000</td>\n",
       "      <td>60.0000</td>\n",
       "      <td>60.0000</td>\n",
       "    </tr>\n",
       "    <tr>\n",
       "      <th>mean</th>\n",
       "      <td>0.0080</td>\n",
       "      <td>0.0155</td>\n",
       "      <td>0.0119</td>\n",
       "      <td>-0.0012</td>\n",
       "      <td>-0.0032</td>\n",
       "      <td>-0.0021</td>\n",
       "      <td>0.0062</td>\n",
       "      <td>0.0025</td>\n",
       "      <td>0.0024</td>\n",
       "      <td>0.0028</td>\n",
       "      <td>0.0066</td>\n",
       "      <td>0.0055</td>\n",
       "      <td>0.0014</td>\n",
       "      <td>0.0040</td>\n",
       "      <td>-0.0101</td>\n",
       "    </tr>\n",
       "    <tr>\n",
       "      <th>std</th>\n",
       "      <td>0.0559</td>\n",
       "      <td>0.0729</td>\n",
       "      <td>0.1081</td>\n",
       "      <td>0.0805</td>\n",
       "      <td>0.0540</td>\n",
       "      <td>0.0620</td>\n",
       "      <td>0.0763</td>\n",
       "      <td>0.0396</td>\n",
       "      <td>0.0398</td>\n",
       "      <td>0.0539</td>\n",
       "      <td>0.0768</td>\n",
       "      <td>0.0800</td>\n",
       "      <td>0.0441</td>\n",
       "      <td>0.0586</td>\n",
       "      <td>0.0754</td>\n",
       "    </tr>\n",
       "    <tr>\n",
       "      <th>min</th>\n",
       "      <td>-0.1270</td>\n",
       "      <td>-0.1763</td>\n",
       "      <td>-0.3673</td>\n",
       "      <td>-0.1518</td>\n",
       "      <td>-0.1106</td>\n",
       "      <td>-0.2016</td>\n",
       "      <td>-0.1351</td>\n",
       "      <td>-0.1344</td>\n",
       "      <td>-0.1465</td>\n",
       "      <td>-0.1580</td>\n",
       "      <td>-0.1450</td>\n",
       "      <td>-0.1670</td>\n",
       "      <td>-0.1196</td>\n",
       "      <td>-0.2300</td>\n",
       "      <td>-0.2036</td>\n",
       "    </tr>\n",
       "    <tr>\n",
       "      <th>25%</th>\n",
       "      <td>-0.0227</td>\n",
       "      <td>-0.0190</td>\n",
       "      <td>-0.0571</td>\n",
       "      <td>-0.0513</td>\n",
       "      <td>-0.0475</td>\n",
       "      <td>-0.0291</td>\n",
       "      <td>-0.0461</td>\n",
       "      <td>-0.0144</td>\n",
       "      <td>-0.0221</td>\n",
       "      <td>-0.0204</td>\n",
       "      <td>-0.0535</td>\n",
       "      <td>-0.0379</td>\n",
       "      <td>-0.0236</td>\n",
       "      <td>-0.0252</td>\n",
       "      <td>-0.0474</td>\n",
       "    </tr>\n",
       "    <tr>\n",
       "      <th>50%</th>\n",
       "      <td>0.0118</td>\n",
       "      <td>0.0064</td>\n",
       "      <td>0.0231</td>\n",
       "      <td>0.0006</td>\n",
       "      <td>0.0024</td>\n",
       "      <td>0.0027</td>\n",
       "      <td>0.0052</td>\n",
       "      <td>0.0106</td>\n",
       "      <td>0.0104</td>\n",
       "      <td>0.0083</td>\n",
       "      <td>0.0062</td>\n",
       "      <td>0.0091</td>\n",
       "      <td>0.0051</td>\n",
       "      <td>0.0022</td>\n",
       "      <td>-0.0224</td>\n",
       "    </tr>\n",
       "    <tr>\n",
       "      <th>75%</th>\n",
       "      <td>0.0442</td>\n",
       "      <td>0.0485</td>\n",
       "      <td>0.0901</td>\n",
       "      <td>0.0385</td>\n",
       "      <td>0.0340</td>\n",
       "      <td>0.0337</td>\n",
       "      <td>0.0536</td>\n",
       "      <td>0.0266</td>\n",
       "      <td>0.0253</td>\n",
       "      <td>0.0444</td>\n",
       "      <td>0.0560</td>\n",
       "      <td>0.0520</td>\n",
       "      <td>0.0283</td>\n",
       "      <td>0.0448</td>\n",
       "      <td>0.0271</td>\n",
       "    </tr>\n",
       "    <tr>\n",
       "      <th>max</th>\n",
       "      <td>0.1533</td>\n",
       "      <td>0.2698</td>\n",
       "      <td>0.2628</td>\n",
       "      <td>0.2597</td>\n",
       "      <td>0.1525</td>\n",
       "      <td>0.0967</td>\n",
       "      <td>0.1963</td>\n",
       "      <td>0.1223</td>\n",
       "      <td>0.1242</td>\n",
       "      <td>0.1176</td>\n",
       "      <td>0.2310</td>\n",
       "      <td>0.3168</td>\n",
       "      <td>0.0992</td>\n",
       "      <td>0.1236</td>\n",
       "      <td>0.2008</td>\n",
       "    </tr>\n",
       "  </tbody>\n",
       "</table>\n",
       "</div>"
      ],
      "text/plain": [
       "Ticker    AZN.L     BA.L   BARC.L     BP.L    DGE.L    GSK.L   HSBA.L  \\\n",
       "count   60.0000  60.0000  60.0000  60.0000  60.0000  60.0000  60.0000   \n",
       "mean     0.0080   0.0155   0.0119  -0.0012  -0.0032  -0.0021   0.0062   \n",
       "std      0.0559   0.0729   0.1081   0.0805   0.0540   0.0620   0.0763   \n",
       "min     -0.1270  -0.1763  -0.3673  -0.1518  -0.1106  -0.2016  -0.1351   \n",
       "25%     -0.0227  -0.0190  -0.0571  -0.0513  -0.0475  -0.0291  -0.0461   \n",
       "50%      0.0118   0.0064   0.0231   0.0006   0.0024   0.0027   0.0052   \n",
       "75%      0.0442   0.0485   0.0901   0.0385   0.0340   0.0337   0.0536   \n",
       "max      0.1533   0.2698   0.2628   0.2597   0.1525   0.0967   0.1963   \n",
       "\n",
       "Ticker   HUKX.L    ISF.L     NG.L    RIO.L   SHEL.L   ULVR.L   VMID.L    VOD.L  \n",
       "count   60.0000  60.0000  60.0000  60.0000  60.0000  60.0000  60.0000  60.0000  \n",
       "mean     0.0025   0.0024   0.0028   0.0066   0.0055   0.0014   0.0040  -0.0101  \n",
       "std      0.0396   0.0398   0.0539   0.0768   0.0800   0.0441   0.0586   0.0754  \n",
       "min     -0.1344  -0.1465  -0.1580  -0.1450  -0.1670  -0.1196  -0.2300  -0.2036  \n",
       "25%     -0.0144  -0.0221  -0.0204  -0.0535  -0.0379  -0.0236  -0.0252  -0.0474  \n",
       "50%      0.0106   0.0104   0.0083   0.0062   0.0091   0.0051   0.0022  -0.0224  \n",
       "75%      0.0266   0.0253   0.0444   0.0560   0.0520   0.0283   0.0448   0.0271  \n",
       "max      0.1223   0.1242   0.1176   0.2310   0.3168   0.0992   0.1236   0.2008  "
      ]
     },
     "execution_count": 3,
     "metadata": {},
     "output_type": "execute_result"
    }
   ],
   "source": [
    "print(\"=== CELL V4 ===\")\n",
    "\n",
    "# Clear any stale yfinance SQLite cache locks\n",
    "import pathlib, contextlib\n",
    "for _db in pathlib.Path.home().glob(\"AppData/Local/py-yfinance/*.db\"):\n",
    "    with contextlib.suppress(Exception):\n",
    "        _db.unlink()\n",
    "\n",
    "# ── Download prices ──────────────────────────────────────────────────────────\n",
    "# auto_adjust=True  → Close = total return (price + reinvested dividends)\n",
    "# auto_adjust=False → bulk download is unreliable for LSE tickers;\n",
    "#                     fall back to per-ticker history() calls which handle .L correctly\n",
    "return_type = \"total return (price + dividends)\" if include_dividends else \"price-only (dividends excluded)\"\n",
    "\n",
    "if include_dividends:\n",
    "    # Bulk download works fine with auto_adjust=True\n",
    "    data = yf.download(selected_tickers, start=start_date, end=end_date,\n",
    "                       interval='1mo', auto_adjust=True, progress=False)\n",
    "    print(\"data.columns type :\", type(data.columns).__name__)\n",
    "    print(\"First 8 columns   :\", data.columns[:8].tolist())\n",
    "\n",
    "    def _pick_col(available, prefer_adj):\n",
    "        if prefer_adj and 'Adj Close' in available:\n",
    "            return 'Adj Close'\n",
    "        return 'Close'\n",
    "\n",
    "    if isinstance(data.columns, pd.MultiIndex):\n",
    "        l0 = set(data.columns.get_level_values(0).unique())\n",
    "        l1 = set(data.columns.get_level_values(1).unique())\n",
    "        if {'Close', 'Adj Close'} & l0:\n",
    "            price_col = _pick_col(l0, True)\n",
    "            df = data[price_col].copy()\n",
    "        elif {'Close', 'Adj Close'} & l1:\n",
    "            price_col = _pick_col(l1, True)\n",
    "            df = data.xs(price_col, level=1, axis=1).copy()\n",
    "        else:\n",
    "            raise KeyError(f\"No close-price column. Level 0: {l0}  Level 1: {l1}\")\n",
    "    else:\n",
    "        price_col = _pick_col(data.columns, True)\n",
    "        df = data[[price_col]].copy()\n",
    "\n",
    "    print(f\"Price column used : {price_col}  →  {return_type}\")\n",
    "\n",
    "else:\n",
    "    # Per-ticker history() is reliable for LSE tickers with auto_adjust=False\n",
    "    print(\"Downloading price-only data per ticker (auto_adjust=False)...\")\n",
    "    frames = {}\n",
    "    for t in selected_tickers:\n",
    "        try:\n",
    "            hist = yf.Ticker(t).history(start=start_date, end=end_date,\n",
    "                                         interval='1mo', auto_adjust=False)\n",
    "            if not hist.empty and 'Close' in hist.columns:\n",
    "                frames[t] = hist['Close']\n",
    "            else:\n",
    "                print(f\"  WARNING: no data for {t}, skipping\")\n",
    "        except Exception as e:\n",
    "            print(f\"  WARNING: {t} failed ({e}), skipping\")\n",
    "    df = pd.DataFrame(frames)\n",
    "    print(f\"  Downloaded {len(frames)}/{len(selected_tickers)} tickers\")\n",
    "    print(f\"Price column used : Close  →  {return_type}\")\n",
    "\n",
    "# ── Format index ─────────────────────────────────────────────────────────────\n",
    "df.index = pd.to_datetime(df.index).strftime('%b-%Y')\n",
    "\n",
    "# ── Clean in correct order ───────────────────────────────────────────────────\n",
    "df = df.dropna(axis=1, how='all')          # 1. drop tickers with NO data at all\n",
    "df = df.pct_change().iloc[1:]              # 2. monthly returns (iloc[1:] drops the always-NaN first row)\n",
    "df = df.dropna(axis=1, how='all')          # 3. drop any tickers still all-NaN after pct_change\n",
    "df = df.dropna(axis=0, how='any')          # 4. drop months where any remaining ticker has a gap\n",
    "\n",
    "# ── Guard ────────────────────────────────────────────────────────────────────\n",
    "if df.shape[1] == 0:\n",
    "    raise ValueError(\n",
    "        \"No assets left after cleaning — all tickers returned NaN. \"\n",
    "        \"Check that the tickers are valid and the date range has data.\"\n",
    "    )\n",
    "if df.shape[0] == 0:\n",
    "    raise ValueError(\n",
    "        \"No months left after cleaning — too many data gaps across tickers. \"\n",
    "        \"Try a shorter date range or fewer tickers.\"\n",
    "    )\n",
    "\n",
    "print(f\"Shape: {df.shape}  ({df.shape[0]} months, {df.shape[1]} assets)\")\n",
    "df.describe().round(4)"
   ]
  },
  {
   "cell_type": "markdown",
   "id": "021a5ac5",
   "metadata": {},
   "source": [
    "## 3. Build Pyomo Model"
   ]
  },
  {
   "cell_type": "code",
   "execution_count": 4,
   "id": "28f9c109",
   "metadata": {},
   "outputs": [
    {
     "name": "stdout",
     "output_type": "stream",
     "text": [
      "Model built.\n",
      "1 Set Declarations\n",
      "    stocks : Size=1, Index=None, Ordered=Insertion\n",
      "        Key  : Dimen : Domain : Size : Members\n",
      "        None :     1 :    Any :   15 : {'AZN.L', 'BA.L', 'BARC.L', 'BP.L', 'DGE.L', 'GSK.L', 'HSBA.L', 'HUKX.L', 'ISF.L', 'NG.L', 'RIO.L', 'SHEL.L', 'ULVR.L', 'VMID.L', 'VOD.L'}\n",
      "\n",
      "1 Var Declarations\n",
      "    p : Size=15, Index=stocks\n",
      "        Key    : Lower : Value : Upper : Fixed : Stale : Domain\n",
      "         AZN.L :     0 :  None :  None : False :  True : NonNegativeReals\n",
      "          BA.L :     0 :  None :  None : False :  True : NonNegativeReals\n",
      "        BARC.L :     0 :  None :  None : False :  True : NonNegativeReals\n",
      "          BP.L :     0 :  None :  None : False :  True : NonNegativeReals\n",
      "         DGE.L :     0 :  None :  None : False :  True : NonNegativeReals\n",
      "         GSK.L :     0 :  None :  None : False :  True : NonNegativeReals\n",
      "        HSBA.L :     0 :  None :  None : False :  True : NonNegativeReals\n",
      "        HUKX.L :     0 :  None :  None : False :  True : NonNegativeReals\n",
      "         ISF.L :     0 :  None :  None : False :  True : NonNegativeReals\n",
      "          NG.L :     0 :  None :  None : False :  True : NonNegativeReals\n",
      "         RIO.L :     0 :  None :  None : False :  True : NonNegativeReals\n",
      "        SHEL.L :     0 :  None :  None : False :  True : NonNegativeReals\n",
      "        ULVR.L :     0 :  None :  None : False :  True : NonNegativeReals\n",
      "        VMID.L :     0 :  None :  None : False :  True : NonNegativeReals\n",
      "         VOD.L :     0 :  None :  None : False :  True : NonNegativeReals\n",
      "\n",
      "1 Objective Declarations\n",
      "    min_risk : Size=1, Index=None, Active=True\n",
      "        Key  : Active : Sense    : Expression\n",
      "        None :   True : minimize : 0.0031266041964068793*p['AZN.L']*p['AZN.L'] + 0.0003071085216884446*p['AZN.L']*p['BA.L'] - 0.00013992993197016877*p['AZN.L']*p['BARC.L'] + 0.0008172234175029234*p['AZN.L']*p['BP.L'] + 0.0007361938027274823*p['AZN.L']*p['DGE.L'] + 0.0016854414425140078*p['AZN.L']*p['GSK.L'] + 5.188850884469278e-05*p['AZN.L']*p['HSBA.L'] + 0.0007220442236599117*p['AZN.L']*p['HUKX.L'] + 0.0006621171670739352*p['AZN.L']*p['ISF.L'] + 0.0003712678286419247*p['AZN.L']*p['NG.L'] + 0.00017695536982929142*p['AZN.L']*p['RIO.L'] + 0.0005933352224285349*p['AZN.L']*p['SHEL.L'] + 0.0008851440674420783*p['AZN.L']*p['ULVR.L'] + 0.00047872658362655806*p['AZN.L']*p['VMID.L'] - 4.076164927634146e-05*p['AZN.L']*p['VOD.L'] + 0.0003071085216884446*p['BA.L']*p['AZN.L'] + 0.005316604516986235*p['BA.L']*p['BA.L'] + 0.0014221642978932323*p['BA.L']*p['BARC.L'] + 0.002027988128267658*p['BA.L']*p['BP.L'] + 0.0008153572679461406*p['BA.L']*p['DGE.L'] + 0.00117524998496815*p['BA.L']*p['GSK.L'] + 0.0004512183304414899*p['BA.L']*p['HSBA.L'] + 0.0008429385923175745*p['BA.L']*p['HUKX.L'] + 0.0009989810749057228*p['BA.L']*p['ISF.L'] - 0.0005879502707833785*p['BA.L']*p['NG.L'] + 0.00017648908437432182*p['BA.L']*p['RIO.L'] + 0.0021882482630144005*p['BA.L']*p['SHEL.L'] + 0.0004892161908917342*p['BA.L']*p['ULVR.L'] + 0.0005645632168682463*p['BA.L']*p['VMID.L'] + 0.0019260425474436405*p['BA.L']*p['VOD.L'] - 0.00013992993197016877*p['BARC.L']*p['AZN.L'] + 0.0014221642978932323*p['BARC.L']*p['BA.L'] + 0.01168012449147895*p['BARC.L']*p['BARC.L'] + 0.004113544784857417*p['BARC.L']*p['BP.L'] + 9.566123495794094e-05*p['BARC.L']*p['DGE.L'] + 0.0007196467115271685*p['BARC.L']*p['GSK.L'] + 0.004945320346772604*p['BARC.L']*p['HSBA.L'] + 0.0031693279116981545*p['BARC.L']*p['HUKX.L'] + 0.0032780488131500148*p['BARC.L']*p['ISF.L'] + 0.0002936208696939785*p['BARC.L']*p['NG.L'] + 0.0014878249533690862*p['BARC.L']*p['RIO.L'] + 0.004590130435203464*p['BARC.L']*p['SHEL.L'] + 0.0007528760717422466*p['BARC.L']*p['ULVR.L'] + 0.004641064867129683*p['BARC.L']*p['VMID.L'] + 0.004423697581654886*p['BARC.L']*p['VOD.L'] + 0.0008172234175029234*p['BP.L']*p['AZN.L'] + 0.002027988128267658*p['BP.L']*p['BA.L'] + 0.004113544784857417*p['BP.L']*p['BARC.L'] + 0.006482276243785431*p['BP.L']*p['BP.L'] + 0.0007278266980373943*p['BP.L']*p['DGE.L'] + 0.0010430798143965542*p['BP.L']*p['GSK.L'] + 0.003443214131862064*p['BP.L']*p['HSBA.L'] + 0.0018949734158739105*p['BP.L']*p['HUKX.L'] + 0.0019790904312743545*p['BP.L']*p['ISF.L'] - 5.71674015204052e-05*p['BP.L']*p['NG.L'] + 0.0009441095081202419*p['BP.L']*p['RIO.L'] + 0.005615735912587828*p['BP.L']*p['SHEL.L'] + 0.0004801757546878148*p['BP.L']*p['ULVR.L'] + 0.0014636903921721282*p['BP.L']*p['VMID.L'] + 0.0031014168017895324*p['BP.L']*p['VOD.L'] + 0.0007361938027274823*p['DGE.L']*p['AZN.L'] + 0.0008153572679461406*p['DGE.L']*p['BA.L'] + 9.566123495794094e-05*p['DGE.L']*p['BARC.L'] + 0.0007278266980373943*p['DGE.L']*p['BP.L'] + 0.0029135514764475957*p['DGE.L']*p['DGE.L'] + 0.0011994747238571154*p['DGE.L']*p['GSK.L'] - 0.00019701760136637173*p['DGE.L']*p['HSBA.L'] + 0.0008121276108056173*p['DGE.L']*p['HUKX.L'] + 0.0008634662719832339*p['DGE.L']*p['ISF.L'] + 0.0006142899983501068*p['DGE.L']*p['NG.L'] + 0.0009776506161724983*p['DGE.L']*p['RIO.L'] + 0.0005548689905484673*p['DGE.L']*p['SHEL.L'] + 0.0009800544488137639*p['DGE.L']*p['ULVR.L'] + 0.0010108045077947105*p['DGE.L']*p['VMID.L'] + 0.000598887673825808*p['DGE.L']*p['VOD.L'] + 0.0016854414425140078*p['GSK.L']*p['AZN.L'] + 0.00117524998496815*p['GSK.L']*p['BA.L'] + 0.0007196467115271685*p['GSK.L']*p['BARC.L'] + 0.0010430798143965542*p['GSK.L']*p['BP.L'] + 0.0011994747238571154*p['GSK.L']*p['DGE.L'] + 0.003844773092860184*p['GSK.L']*p['GSK.L'] + 3.61782109507956e-06*p['GSK.L']*p['HSBA.L'] + 0.0009541644654295423*p['GSK.L']*p['HUKX.L'] + 0.0010011747416636767*p['GSK.L']*p['ISF.L'] + 0.000551284072777542*p['GSK.L']*p['NG.L'] - 0.00032347524114931936*p['GSK.L']*p['RIO.L'] + 0.0006762290720994817*p['GSK.L']*p['SHEL.L'] + 0.0009736244910092253*p['GSK.L']*p['ULVR.L'] + 0.001029474474158795*p['GSK.L']*p['VMID.L'] + 0.0016778152822740106*p['GSK.L']*p['VOD.L'] + 5.188850884469278e-05*p['HSBA.L']*p['AZN.L'] + 0.0004512183304414899*p['HSBA.L']*p['BA.L'] + 0.004945320346772604*p['HSBA.L']*p['BARC.L'] + 0.003443214131862064*p['HSBA.L']*p['BP.L'] - 0.00019701760136637173*p['HSBA.L']*p['DGE.L'] + 3.61782109507956e-06*p['HSBA.L']*p['GSK.L'] + 0.005825884839719309*p['HSBA.L']*p['HSBA.L'] + 0.0016489011256497464*p['HSBA.L']*p['HUKX.L'] + 0.0016433910529158474*p['HSBA.L']*p['ISF.L'] + 0.00042232181061724767*p['HSBA.L']*p['NG.L'] + 0.001766264494659714*p['HSBA.L']*p['RIO.L'] + 0.0037749135089783785*p['HSBA.L']*p['SHEL.L'] - 0.0003633766665786521*p['HSBA.L']*p['ULVR.L'] + 0.001617568874784438*p['HSBA.L']*p['VMID.L'] + 0.002209902961176723*p['HSBA.L']*p['VOD.L'] + 0.0007220442236599117*p['HUKX.L']*p['AZN.L'] + 0.0008429385923175745*p['HUKX.L']*p['BA.L'] + 0.0031693279116981545*p['HUKX.L']*p['BARC.L'] + 0.0018949734158739105*p['HUKX.L']*p['BP.L'] + 0.0008121276108056173*p['HUKX.L']*p['DGE.L'] + 0.0009541644654295423*p['HUKX.L']*p['GSK.L'] + 0.0016489011256497464*p['HUKX.L']*p['HSBA.L'] + 0.001566864353364751*p['HUKX.L']*p['HUKX.L'] + 0.0015181584152365944*p['HUKX.L']*p['ISF.L'] + 0.0005555054294629166*p['HUKX.L']*p['NG.L'] + 0.0012790092526376658*p['HUKX.L']*p['RIO.L'] + 0.001931119034069882*p['HUKX.L']*p['SHEL.L'] + 0.0005898057531703297*p['HUKX.L']*p['ULVR.L'] + 0.001906767575383252*p['HUKX.L']*p['VMID.L'] + 0.0015764544437679346*p['HUKX.L']*p['VOD.L'] + 0.0006621171670739352*p['ISF.L']*p['AZN.L'] + 0.0009989810749057228*p['ISF.L']*p['BA.L'] + 0.0032780488131500148*p['ISF.L']*p['BARC.L'] + 0.0019790904312743545*p['ISF.L']*p['BP.L'] + 0.0008634662719832339*p['ISF.L']*p['DGE.L'] + 0.0010011747416636767*p['ISF.L']*p['GSK.L'] + 0.0016433910529158474*p['ISF.L']*p['HSBA.L'] + 0.0015181584152365944*p['ISF.L']*p['HUKX.L'] + 0.0015835229166517837*p['ISF.L']*p['ISF.L'] + 0.0005980280447914915*p['ISF.L']*p['NG.L'] + 0.0011823715819800045*p['ISF.L']*p['RIO.L'] + 0.0019596978695533575*p['ISF.L']*p['SHEL.L'] + 0.0006171388628980661*p['ISF.L']*p['ULVR.L'] + 0.0020390304277758324*p['ISF.L']*p['VMID.L'] + 0.001759521503192848*p['ISF.L']*p['VOD.L'] + 0.0003712678286419247*p['NG.L']*p['AZN.L'] - 0.0005879502707833785*p['NG.L']*p['BA.L'] + 0.0002936208696939785*p['NG.L']*p['BARC.L'] - 5.71674015204052e-05*p['NG.L']*p['BP.L'] + 0.0006142899983501068*p['NG.L']*p['DGE.L'] + 0.000551284072777542*p['NG.L']*p['GSK.L'] + 0.00042232181061724767*p['NG.L']*p['HSBA.L'] + 0.0005555054294629166*p['NG.L']*p['HUKX.L'] + 0.0005980280447914915*p['NG.L']*p['ISF.L'] + 0.002904821741832285*p['NG.L']*p['NG.L'] + 0.0003576112269897818*p['NG.L']*p['RIO.L'] - 0.0003335580222588738*p['NG.L']*p['SHEL.L'] + 0.0005196038643418156*p['NG.L']*p['ULVR.L'] + 0.0009707566828849487*p['NG.L']*p['VMID.L'] + 0.00032372441431724426*p['NG.L']*p['VOD.L'] + 0.00017695536982929142*p['RIO.L']*p['AZN.L'] + 0.00017648908437432182*p['RIO.L']*p['BA.L'] + 0.0014878249533690862*p['RIO.L']*p['BARC.L'] + 0.0009441095081202419*p['RIO.L']*p['BP.L'] + 0.0009776506161724983*p['RIO.L']*p['DGE.L'] - 0.00032347524114931936*p['RIO.L']*p['GSK.L'] + 0.001766264494659714*p['RIO.L']*p['HSBA.L'] + 0.0012790092526376658*p['RIO.L']*p['HUKX.L'] + 0.0011823715819800045*p['RIO.L']*p['ISF.L'] + 0.0003576112269897818*p['RIO.L']*p['NG.L'] + 0.005890967154430537*p['RIO.L']*p['RIO.L'] + 0.0012936773046990564*p['RIO.L']*p['SHEL.L'] + 4.727133237383618e-05*p['RIO.L']*p['ULVR.L'] + 0.0012905664487922108*p['RIO.L']*p['VMID.L'] + 0.0007971371581567268*p['RIO.L']*p['VOD.L'] + 0.0005933352224285349*p['SHEL.L']*p['AZN.L'] + 0.0021882482630144005*p['SHEL.L']*p['BA.L'] + 0.004590130435203464*p['SHEL.L']*p['BARC.L'] + 0.005615735912587828*p['SHEL.L']*p['BP.L'] + 0.0005548689905484673*p['SHEL.L']*p['DGE.L'] + 0.0006762290720994817*p['SHEL.L']*p['GSK.L'] + 0.0037749135089783785*p['SHEL.L']*p['HSBA.L'] + 0.001931119034069882*p['SHEL.L']*p['HUKX.L'] + 0.0019596978695533575*p['SHEL.L']*p['ISF.L'] - 0.0003335580222588738*p['SHEL.L']*p['NG.L'] + 0.0012936773046990564*p['SHEL.L']*p['RIO.L'] + 0.006395590470232244*p['SHEL.L']*p['SHEL.L'] + 2.9643692711371747e-05*p['SHEL.L']*p['ULVR.L'] + 0.001561002521054921*p['SHEL.L']*p['VMID.L'] + 0.0028460495067024463*p['SHEL.L']*p['VOD.L'] + 0.0008851440674420783*p['ULVR.L']*p['AZN.L'] + 0.0004892161908917342*p['ULVR.L']*p['BA.L'] + 0.0007528760717422466*p['ULVR.L']*p['BARC.L'] + 0.0004801757546878148*p['ULVR.L']*p['BP.L'] + 0.0009800544488137639*p['ULVR.L']*p['DGE.L'] + 0.0009736244910092253*p['ULVR.L']*p['GSK.L'] - 0.0003633766665786521*p['ULVR.L']*p['HSBA.L'] + 0.0005898057531703297*p['ULVR.L']*p['HUKX.L'] + 0.0006171388628980661*p['ULVR.L']*p['ISF.L'] + 0.0005196038643418156*p['ULVR.L']*p['NG.L'] + 4.727133237383618e-05*p['ULVR.L']*p['RIO.L'] + 2.9643692711371747e-05*p['ULVR.L']*p['SHEL.L'] + 0.0019452257039595025*p['ULVR.L']*p['ULVR.L'] + 0.0006434076783559552*p['ULVR.L']*p['VMID.L'] + 0.0009384283040281243*p['ULVR.L']*p['VOD.L'] + 0.00047872658362655806*p['VMID.L']*p['AZN.L'] + 0.0005645632168682463*p['VMID.L']*p['BA.L'] + 0.004641064867129683*p['VMID.L']*p['BARC.L'] + 0.0014636903921721282*p['VMID.L']*p['BP.L'] + 0.0010108045077947105*p['VMID.L']*p['DGE.L'] + 0.001029474474158795*p['VMID.L']*p['GSK.L'] + 0.001617568874784438*p['VMID.L']*p['HSBA.L'] + 0.001906767575383252*p['VMID.L']*p['HUKX.L'] + 0.0020390304277758324*p['VMID.L']*p['ISF.L'] + 0.0009707566828849487*p['VMID.L']*p['NG.L'] + 0.0012905664487922108*p['VMID.L']*p['RIO.L'] + 0.001561002521054921*p['VMID.L']*p['SHEL.L'] + 0.0006434076783559552*p['VMID.L']*p['ULVR.L'] + 0.003433205949789863*p['VMID.L']*p['VMID.L'] + 0.0018380972981008221*p['VMID.L']*p['VOD.L'] - 4.076164927634146e-05*p['VOD.L']*p['AZN.L'] + 0.0019260425474436405*p['VOD.L']*p['BA.L'] + 0.004423697581654886*p['VOD.L']*p['BARC.L'] + 0.0031014168017895324*p['VOD.L']*p['BP.L'] + 0.000598887673825808*p['VOD.L']*p['DGE.L'] + 0.0016778152822740106*p['VOD.L']*p['GSK.L'] + 0.002209902961176723*p['VOD.L']*p['HSBA.L'] + 0.0015764544437679346*p['VOD.L']*p['HUKX.L'] + 0.001759521503192848*p['VOD.L']*p['ISF.L'] + 0.00032372441431724426*p['VOD.L']*p['NG.L'] + 0.0007971371581567268*p['VOD.L']*p['RIO.L'] + 0.0028460495067024463*p['VOD.L']*p['SHEL.L'] + 0.0009384283040281243*p['VOD.L']*p['ULVR.L'] + 0.0018380972981008221*p['VOD.L']*p['VMID.L'] + 0.005687246808314813*p['VOD.L']*p['VOD.L']\n",
      "\n",
      "2 Constraint Declarations\n",
      "    min_reward : Size=1, Index=None, Active=True\n",
      "        Key  : Lower : Body                                                                                                                                                                                                                                                                                                                                                                                                                                                                                                                                  : Upper : Active\n",
      "        None : 0.004 : 0.008012866839856785*p['AZN.L'] + 0.015535123113029882*p['BA.L'] + 0.011917677727304612*p['BARC.L'] - 0.0011686671154002995*p['BP.L'] - 0.0031528724382401583*p['DGE.L'] - 0.0020925969212368225*p['GSK.L'] + 0.006183257406114974*p['HSBA.L'] + 0.0024911255230123147*p['HUKX.L'] + 0.0023980519472442934*p['ISF.L'] + 0.0028364396082721788*p['NG.L'] + 0.006632338468934967*p['RIO.L'] + 0.005490292824904961*p['SHEL.L'] + 0.0013776891899464016*p['ULVR.L'] + 0.004047988436026808*p['VMID.L'] - 0.010100785949063414*p['VOD.L'] :  +Inf :   True\n",
      "    sum_allocs : Size=1, Index=None, Active=True\n",
      "        Key  : Lower : Body                                                                                                                                                                                                : Upper : Active\n",
      "        None :   1.0 : p['AZN.L'] + p['BA.L'] + p['BARC.L'] + p['BP.L'] + p['DGE.L'] + p['GSK.L'] + p['HSBA.L'] + p['HUKX.L'] + p['ISF.L'] + p['NG.L'] + p['RIO.L'] + p['SHEL.L'] + p['ULVR.L'] + p['VMID.L'] + p['VOD.L'] :   1.0 :   True\n",
      "\n",
      "5 Declarations: stocks p min_risk min_reward sum_allocs\n"
     ]
    }
   ],
   "source": [
    "model = pyo.ConcreteModel('Portfolio Management')\n",
    "\n",
    "model.stocks = pyo.Set(initialize=df.columns.tolist())\n",
    "model.p = pyo.Var(model.stocks, domain=pyo.NonNegativeReals)\n",
    "\n",
    "# Pre-compute covariance matrix once (avoid repeated np.cov calls inside Pyomo)\n",
    "cov = df.cov().values\n",
    "stocks_list = df.columns.tolist()\n",
    "cov_dict = {\n",
    "    (stocks_list[i], stocks_list[j]): cov[i, j]\n",
    "    for i in range(len(stocks_list))\n",
    "    for j in range(len(stocks_list))\n",
    "}\n",
    "mean_ret = df.mean().to_dict()\n",
    "\n",
    "# Objective: minimise portfolio variance\n",
    "def portfolio_variance(m):\n",
    "    return sum(\n",
    "        cov_dict[i, j] * m.p[i] * m.p[j]\n",
    "        for i in m.stocks for j in m.stocks\n",
    "    )\n",
    "\n",
    "model.min_risk = pyo.Objective(rule=portfolio_variance, sense=pyo.minimize)\n",
    "\n",
    "# Constraint: minimum expected return\n",
    "model.min_reward = pyo.Constraint(\n",
    "    expr=sum(model.p[i] * mean_ret[i] for i in model.stocks) >= reward_floor\n",
    ")\n",
    "\n",
    "# Constraint: weights sum to 1\n",
    "model.sum_allocs = pyo.Constraint(\n",
    "    expr=sum(model.p[i] for i in model.stocks) == 1\n",
    ")\n",
    "\n",
    "print('Model built.')\n",
    "model.pprint()"
   ]
  },
  {
   "cell_type": "markdown",
   "id": "b9266ff3",
   "metadata": {},
   "source": [
    "## 4. Solve\n",
    "> **APPSI-IPOPT** if available (faster re-solves); falls back to classic SolverFactory."
   ]
  },
  {
   "cell_type": "code",
   "execution_count": 5,
   "id": "914331b1",
   "metadata": {},
   "outputs": [
    {
     "name": "stdout",
     "output_type": "stream",
     "text": [
      "Solved via SolverFactory-IPOPT\n",
      "optimal\n"
     ]
    }
   ],
   "source": [
    "import idaes, os\n",
    "\n",
    "ipopt_exe = os.path.join(idaes.bin_directory, 'ipopt.exe')\n",
    "solver = pyo.SolverFactory('ipopt', executable=ipopt_exe)\n",
    "res = solver.solve(model, tee=False)\n",
    "print('Solved via SolverFactory-IPOPT')\n",
    "print(res.solver.termination_condition)"
   ]
  },
  {
   "cell_type": "markdown",
   "id": "6bc110f5",
   "metadata": {},
   "source": [
    "## 5. Results"
   ]
  },
  {
   "cell_type": "code",
   "execution_count": 6,
   "id": "629fd6c2",
   "metadata": {},
   "outputs": [
    {
     "name": "stdout",
     "output_type": "stream",
     "text": [
      "=== SECTION 5 v9 ===\n",
      "Fetching dividend yields... done.\n",
      "frames_div: 15 tickers, frames_po: 15 tickers\n",
      "Objective (portfolio variance)          : 0.000844\n",
      "Expected yearly return  (with div)      : 10.16 %   Sharpe: 0.56\n",
      "Expected yearly return  (without div)   : 5.93 %   Sharpe: 0.14\n",
      "Portfolio weighted div yield            : 3.33 %  (trailing 12m)\n",
      "\n",
      "        Weight %  Div Yield %  Wtd Div Yield %\n",
      "ULVR.L     26.26         4.02            1.056\n",
      "NG.L       20.63         3.58            0.738\n",
      "AZN.L      12.56         1.58            0.198\n",
      "BA.L       12.16         1.62            0.197\n",
      "HSBA.L     10.58         4.20            0.444\n",
      "RIO.L       7.20         4.11            0.296\n",
      "DGE.L       6.12         4.31            0.264\n",
      "HUKX.L      3.55         2.93            0.104\n",
      "GSK.L       0.92         3.32            0.030\n",
      "ISF.L       0.01         2.95            0.000\n",
      "SHEL.L      0.00         3.21            0.000\n",
      "VMID.L      0.00         4.05            0.000\n",
      "VOD.L       0.00         3.36            0.000\n",
      "BP.L        0.00         4.24            0.000\n",
      "BARC.L      0.00         1.98            0.000\n",
      "Weights total : 100.0 %\n"
     ]
    }
   ],
   "source": [
    "print(\"=== SECTION 5 v9 ===\")\n",
    "weights = {i: pyo.value(model.p[i]) for i in model.stocks}\n",
    "\n",
    "weights_df = (pd.DataFrame.from_dict(weights, orient=\"index\", columns=[\"Weight\"]).sort_values(\"Weight\", ascending=False))\n",
    "weights_df[\"Weight %\"] = (weights_df[\"Weight\"] * 100).round(2)\n",
    "\n",
    "print(\"Fetching dividend yields...\", end=\" \")\n",
    "div_yields, ticker_names = {}, {}\n",
    "for t in selected_tickers:\n",
    "    try:\n",
    "        info = yf.Ticker(t).info\n",
    "        raw = info.get(\"dividendYield\") or 0.0\n",
    "        div_yields[t]   = raw if raw > 1 else raw * 100\n",
    "        ticker_names[t] = info.get(\"longName\") or info.get(\"shortName\") or t\n",
    "    except Exception:\n",
    "        div_yields[t]   = 0.0\n",
    "        ticker_names[t] = t\n",
    "print(\"done.\")\n",
    "\n",
    "weights_df[\"Div Yield %\"]     = pd.Series(div_yields).round(2)\n",
    "weights_df[\"Wtd Div Yield %\"] = (weights_df[\"Weight\"] * weights_df[\"Div Yield %\"]).round(3)\n",
    "portfolio_div_yield = weights_df[\"Wtd Div Yield %\"].sum()\n",
    "\n",
    "# -- Total return: daily data (daily Dividends column is reliable for LSE).\n",
    "# -- Price-only:   monthly data pct_change.\n",
    "# -- Separated try/except so failure in one does not block the other.\n",
    "frames_div, frames_po = {}, {}\n",
    "for t in selected_tickers:\n",
    "    # with-dividends: daily history compounded to monthly\n",
    "    try:\n",
    "        h = yf.Ticker(t).history(start=start_date, end=end_date, interval=\"1d\", auto_adjust=False)\n",
    "        if not h.empty and len(h) >= 5:\n",
    "            c = h[\"Close\"]\n",
    "            r = (c.diff() + h[\"Dividends\"]) / c.shift(1)\n",
    "            r = r.iloc[1:].dropna()\n",
    "            if r.index.tz is not None:\n",
    "                r.index = pd.DatetimeIndex([ts.replace(tzinfo=None) for ts in r.index])\n",
    "            frames_div[t] = (1 + r).resample(\"ME\").prod() - 1\n",
    "    except Exception as e:\n",
    "        print(f\"  div {t}: {e}\")\n",
    "    # price-only: monthly history\n",
    "    try:\n",
    "        h = yf.Ticker(t).history(start=start_date, end=end_date, interval=\"1mo\", auto_adjust=False)\n",
    "        if not h.empty:\n",
    "            frames_po[t] = h[\"Close\"].pct_change().iloc[1:]\n",
    "    except Exception as e:\n",
    "        print(f\"  po  {t}: {e}\")\n",
    "\n",
    "print(f\"frames_div: {len(frames_div)} tickers, frames_po: {len(frames_po)} tickers\")\n",
    "\n",
    "def clean_mean(frames):\n",
    "    d = pd.DataFrame(frames)\n",
    "    d.index = pd.to_datetime(d.index).strftime(\"%b-%Y\")\n",
    "    return d.dropna(axis=1, how=\"all\").dropna(axis=0, how=\"any\").mean().to_dict()\n",
    "\n",
    "mean_ret_div_pt = clean_mean(frames_div)\n",
    "mean_ret_po     = clean_mean(frames_po)\n",
    "\n",
    "exp_ret_div    = (1 + sum(weights[i] * mean_ret_div_pt[i] for i in model.stocks if i in mean_ret_div_pt)) ** 12 - 1\n",
    "exp_ret_no_div = (1 + sum(weights[i] * mean_ret_po[i]     for i in model.stocks if i in mean_ret_po))     ** 12 - 1\n",
    "\n",
    "ann_std_div   = (pyo.value(model.min_risk) ** 0.5) * (12 ** 0.5)\n",
    "sharpe_div    = (exp_ret_div    - risk_free_rate) / ann_std_div\n",
    "sharpe_no_div = (exp_ret_no_div - risk_free_rate) / ann_std_div\n",
    "\n",
    "print(f\"Objective (portfolio variance)          : {pyo.value(model.min_risk):.6f}\")\n",
    "print(f\"Expected yearly return  (with div)      : {exp_ret_div*100:.2f} %   Sharpe: {sharpe_div:.2f}\")\n",
    "print(f\"Expected yearly return  (without div)   : {exp_ret_no_div*100:.2f} %   Sharpe: {sharpe_no_div:.2f}\")\n",
    "print(f\"Portfolio weighted div yield            : {portfolio_div_yield:.2f} %  (trailing 12m)\")\n",
    "print()\n",
    "print(weights_df[[\"Weight %\", \"Div Yield %\", \"Wtd Div Yield %\"]].to_string())\n",
    "print(\"Weights total :\", round(weights_df[\"Weight %\"].sum(), 1), \"%\")\n"
   ]
  },
  {
   "cell_type": "markdown",
   "id": "0cff5e5e",
   "metadata": {},
   "source": [
    "## 6. Efficient Frontier"
   ]
  },
  {
   "cell_type": "code",
   "execution_count": 7,
   "id": "2c104228",
   "metadata": {},
   "outputs": [
    {
     "name": "stdout",
     "output_type": "stream",
     "text": [
      "Downloading daily data for with-dividend frontier...\n",
      "  15 tickers loaded\n",
      "Computing frontier WITH dividends...\n",
      "  Feasible points: 40\n",
      "Computing frontier WITHOUT dividends...\n",
      "  Feasible points: 40\n"
     ]
    },
    {
     "data": {
